260950019
2661015060
838277617
2100304745
1771893908
371891547
4223020402
404312388
1523273601
3139626029
1299254196
2983522964
3521276128
327179309
3179432165
898611671
89989611
973753040
4095475177
3558136379
307353165
1006211863
3801335020
4083851763
616717248
3625193411
2350065696
2348685473
1315938069
342642444
873964831
2811267176
957611611
1295993672
1554456020
1566619691
3788685587
4022680856
347063134
2008351394
721807900
4033226323
100372413
172292273
4257451314
3725942442
1249121140
638892694
